sampleSize 4 numOfDetailedIntervals 139
branchLengths 1.9999999933338075 0.9999999933337719 0.6666666600004026 
NumOfLineages 4.0 3.9594064732181877 3.9196314353161856 3.880652972968283 3.841527596846212 3.8031937859118115 3.7656301735835758 3.7279485234515484 3.690181415767015 3.654024368479086 3.6169593207845128 3.5806636649628176 3.5451158981051503 3.509529550727127 3.474681543053592 3.4398170125006686 3.4056803075279802 3.3715470941529784 3.337441618652327 3.3040610120333405 3.2713842975425105 3.2387452980988543 3.2061653561903465 3.174283222276348 3.1424732209064845 3.1107544757914614 3.0797242395194098 3.049361987092692 3.0185390983185054 2.988392996025076 2.9583729785831023 2.929012561622405 2.8997845575226564 2.8707030052640112 2.841781204434307 2.813505523461093 2.78539260827425 2.7574541115582507 2.730143601476939 2.702576075118497 2.675636742286972 2.6488925410370454 2.622352392300623 2.596024623065 2.5703021628692855 2.544412846670678 2.5191251467181988 2.494060490114151 2.4688744108032705 2.44428187096469 2.419929058306093 2.3958206511700038 2.371642361041682 2.3480426451404535 2.3243952291784247 2.3013172438071754 2.2782115618995853 2.25538343559084 2.2328343690877235 2.210565552787069 2.1885778796916004 2.1666167930854408 2.144950447843589 2.1235784949621666 2.102263879590727 2.081254181534462 2.060547982855449 2.0399247623414323 2.0193995690344435 1.9991943254728564 1.9793061689744997 1.9595350280977788 1.939893279444567 1.9203925497081946 1.9012255439370198 1.882210852992198 1.8633582489790588 1.8448443625025912 1.826338013686619 1.8080192504331358 1.7900493829910522 1.7721226187336068 1.7544035407971785 1.7368977260914469 1.7194728467472444 1.702278789266246 1.6853194014467219 1.668472345004344 1.6517517632853966 1.6351709336354676 1.6188570279796886 1.6026998812394853 1.5867105203512444 1.5707947689504693 1.5550731820652313 1.5395543385622084 1.5241514298180585 1.5088810094308962 1.493847098756059 1.478884199487999 1.4640974051022169 1.4494196168869822 1.4349477794653007 1.4206183768764828 1.406377904833535 1.3923196079204592 1.3783927304874994 1.364619059401762 1.3509580669336538 1.3374944148576644 1.3240776867812336 1.3108522464055348 1.297736857890278 1.284764650369433 1.2719199878941618 1.259193903766919 1.2466255972958593 1.2341717799382996 1.2218033153403922 1.2096107465064563 1.1975051384891804 1.1855200778633068 1.1736625311334021 1.161949354663591 1.1503303391067612 1.1388093129192804 1.1274319968131576 1.1161571413164695 1.1050060015632828 1.0939536404333818 1.0830100534121259 1.0721800551885219 1.0614611973954202 1.0508486416173375 1.0403397378499069 1.029934764250174 1.0196366563242416 1.0094415450728265 1.0000000099998287 
t 0.0 0.027062351187874836 1.3461390025110305E-4 5.829292433646878E-7 
t 0.00683333333333333 0.05357904312254381 5.366228089135922E-4 4.761081243766459E-6 
t 0.013666666666666688 0.07956468468781411 0.0011934220024744896 1.5995491800746132E-5 
t 0.0205 0.10564826876919507 0.0021177984509567187 3.818874776406569E-5 
t 0.02749999999999996 0.13120414272546216 0.003284415881296094 7.438858804287456E-5 
t 0.03449999999999998 0.15624655094428716 0.004681350720303807 1.2757918034448948E-4 
t 0.041500000000000085 0.18136765103230676 0.0063382330221819876 2.0251968114329326E-4 
t 0.04866666666666686 0.20654572282199565 0.00825892835355123 3.034811290586541E-4 
t 0.0560000000000003 0.23065042101395006 0.010344698674189304 4.2843164538439486E-4 
t 0.06316666666666704 0.25536045281033337 0.012736681065044945 5.895318468482152E-4 
t 0.07066666666666684 0.27955755669146426 0.015331053897593011 7.840225493728737E-4 
t 0.07816666666666663 0.30325606792991183 0.018116607854106664 0.0010140811110028178 
t 0.08566666666666643 0.32698029951526153 0.021150527060138896 0.0012880605887489378 
t 0.0933333333333329 0.35021230463095393 0.024362140192603646 0.0016031459012636569 
t 0.10099999999999935 0.3734553249995717 0.02781629271953696 0.0019692848925527435 
t 0.10883333333333248 0.3962131283146999 0.03143454055780234 0.002381677180171881 
t 0.1166666666666656 0.4189686038980364 0.035288691421531355 0.0028520272938722347 
t 0.12466666666666538 0.44170558756513983 0.03937827321005917 0.003384761888954791 
t 0.13283333333333247 0.4639593253111329 0.04361435529927065 0.003971777459634014 
t 0.1409999999999996 0.48574380163835557 0.047987145672952425 0.004614045901349928 
t 0.14916666666666673 0.5075031346007958 0.05258044807992971 0.005327201080946134 
t 0.15750000000000053 0.5292230958731372 0.05739255956367671 0.00611542939348672 
t 0.166000000000001 0.550477851815806 0.062323496578801235 0.006965593739469174 
t 0.1745000000000015 0.5716845193957178 0.06746419620420806 0.007896570468548676 
t 0.18316666666666864 0.5928303494724029 0.07281201360758764 0.008912316837273067 
t 0.19200000000000247 0.6135171736537731 0.07826019066528957 0.009995628294409887 
t 0.2008333333333363 0.6337586752715882 0.08380023248436329 0.011146413912012487 
t 0.20966666666667014 0.6543072677877162 0.089637873193044 0.012411716498659896 
t 0.21883333333333732 0.6744046693166721 0.09555733534201144 0.013749022477994761 
t 0.2280000000000045 0.6944180142779909 0.1016602444162251 0.01518405766035913 
t 0.23733333333333836 0.7139916255851254 0.1078317732085082 0.01669246316266007 
t 0.24666666666667222 0.7334769616516275 0.11417626593591847 0.018302292317042376 
t 0.2561666666666717 0.7528646631573948 0.12068945945713326 0.02001647870028654 
t 0.2658333333333373 0.7721458637105352 0.12736683673050836 0.021837801725047127 
t 0.27566666666666956 0.7909963176926816 0.1340893567855973 0.023736046559749577 
t 0.2855000000000018 0.8097382611505808 0.14096512923133195 0.025743881260279135 
t 0.2955000000000007 0.8283639256279172 0.14798930202689337 0.02786357670573732 
t 0.30566666666666625 0.8465709323487954 0.15504104416785575 0.03006056869030251 
t 0.3158333333333318 0.8649492832544264 0.1623464421404074 0.03240878854936051 
t 0.32633333333333064 0.8829088384754471 0.1696684396100159 0.034835414118575825 
t 0.3368333333333295 0.9007383059754022 0.17711763709456518 0.03737862744690278 
t 0.347499999999995 0.918431738466354 0.18468872102767764 0.04003975616726865 
t 0.3583333333333271 0.9359835846234391 0.19237627820660277 0.04281991814160747 
t 0.3693333333333259 0.9531318914205859 0.2000584829485026 0.045676168851143034 
t 0.3803333333333247 0.9703914355529949 0.20796263187738767 0.04869576514538102 
t 0.3916666666666568 0.9872499021879856 0.21585079843053542 0.051790421004372325 
t 0.40299999999998887 1.0039596732573552 0.22383387868219548 0.05500431277218864 
t 0.4144999999999876 1.020750392797946 0.2320215165505535 0.058385686138577066 
t 0.42633333333331963 1.0371454193570036 0.2401775356977114 0.06183916274881745 
t 0.43816666666665166 1.0533806277960724 0.24841196907406385 0.065411529501195 
t 0.45016666666665034 1.0694528992201362 0.2567193388961586 0.06910224894738357 
t 0.46233333333331567 1.0855717593056877 0.2652070249044647 0.07296247968925985 
t 0.4748333333333143 1.1013049032398436 0.27364321453123014 0.07688829100185333 
t 0.4873333333333129 1.1170698472145337 0.2822473750138134 0.08098311507706712 
t 0.5001666666666449 1.1324551707953696 0.2907906462828055 0.08513918741061627 
t 0.5129999999999768 1.147858958733767 0.29948955898916124 0.08946279430271813 
t 0.526166666666642 1.1630777096062674 0.3082274175654353 0.09389846214976634 
t 0.5394999999999739 1.1781104206083497 0.31699897138738714 0.09844410753763268 
t 0.5529999999999724 1.1929562981421233 0.32579906286082966 0.1030974637053102 
t 0.5666666666666376 1.207614746872439 0.33462263341300746 0.10785608807016844 
t 0.5804999999999694 1.2222554712765499 0.3435694530090553 0.11277549975321877 
t 0.5946666666666345 1.2366997014377887 0.3525277534370294 0.1177957471901668 
t 0.6089999999999662 1.250947670025407 0.3614927157732501 0.1229137713942541 
t 0.6234999999999646 1.2651574136063697 0.37056095558147745 0.12818579501399927 
t 0.6383333333332963 1.2791638789772168 0.3796242145725125 0.13354973790766003 
t 0.6533333333332947 1.2929680114298951 0.3886779925742313 0.13900200508825863 
t 0.6684999999999597 1.3067168251059098 0.3978155623817482 0.1445991943851837 
t 0.683999999999958 1.3204002873105727 0.40702888690153344 0.15033810165045794 
t 0.6998333333332896 1.3338704496849683 0.41621490567672814 0.15615449561143158 
t 0.7158333333332878 1.3471292206838759 0.4253696030888267 0.16204412770571106 
t 0.7319999999999527 1.3603099812683597 0.43458150534079815 0.16806351642268194 
t 0.7484999999999509 1.3734044803705048 0.44384285384534194 0.1742083474783243 
t 0.7653333333332824 1.3864049668614224 0.4531459544059655 0.18047399523985708 
t 0.7824999999999471 1.3991829707088757 0.4623949622756208 0.1867948042307918 
t 0.7998333333332786 1.411859431338761 0.4716734211472928 0.19322655655934476 
t 0.8174999999999433 1.42442783401419 0.4809739687227764 0.19976393020890976 
t 0.8354999999999413 1.4367704249985047 0.49020538358325755 0.2063411300648714 
t 0.853666666666606 1.4491079908758224 0.49952994355674674 0.21307309044873832 
t 0.8723333333332706 1.461320499711481 0.5088552537839275 0.2198933789504588 
t 0.8913333333332685 1.4733004113395405 0.5180948672193669 0.22673649742292898 
t 0.910499999999933 1.485251587511174 0.527402805466644 0.23371516630213535 
t 0.9301666666665975 1.4970643061354618 0.5366914770111392 0.2407632477193912 
t 0.9501666666665953 1.5087348492726198 0.5459545430967362 0.24787416480938912 
t 0.9704999999999264 1.5203514355020902 0.5552595461295021 0.25509879109022116 
t 0.9913333333332575 1.5318141404894243 0.5645238377912464 0.26237175711793737 
t 1.0124999999999218 1.5431203990357771 0.57374164058593 0.2696861724632125 
t 1.0339999999999194 1.5543517699973661 0.5829765975374819 0.27709091373425904 
t 1.055999999999917 1.5654988244766663 0.5922188562876564 0.2845771050760972 
t 1.0784999999999145 1.576552710909955 0.6014587773390712 0.292135691110959 
t 1.101499999999912 1.5874286480138111 0.6106222496976482 0.29970378469110814 
t 1.1248333333332428 1.598200079173949 0.6197678184636085 0.30732730240497924 
t 1.1486666666665735 1.6088596530994452 0.6288865753466698 0.31499696780558917 
t 1.1729999999999041 1.619470154033298 0.6380300910171056 0.32275477049780393 
t 1.1979999999999014 1.6299512119567923 0.6471268012748809 0.33053837418195453 
t 1.2234999999998986 1.640297107625476 0.656168650531992 0.3383384139990191 
t 1.2494999999998957 1.650565713454912 0.6652036170883331 0.34619424346076777 
t 1.2761666666665594 1.660745993713023 0.6742198141900229 0.35409386579296365 
t 1.3034999999998897 1.6707686008295837 0.6831529654983067 0.36197855802017453 
t 1.33133333333322 1.6807438670082924 0.692098914957491 0.3699308311218067 
t 1.3599999999998835 1.6906017299321494 0.70099268386028 0.37789115007594476 
t 1.3893333333332136 1.7003869220756413 0.7098722829035472 0.38589151838292 
t 1.419499999999877 1.7100348136900974 0.718676583801992 0.39387466678286853 
t 1.450333333333207 1.7195877487493114 0.7274416034100788 0.4018708753314415 
t 1.48199999999987 1.7290813967779453 0.7361980467966799 0.40990636270922365 
t 1.5146666666665332 1.7384535947199982 0.7448863802949619 0.4179244946409773 
t 1.5481666666665295 1.747738179675307 0.7535355971929089 0.4259498176273621 
t 1.5826666666665257 1.7569206270658018 0.7621299561151067 0.4339656584299796 
t 1.6181666666665218 1.7660279553778762 0.7706926405078401 0.4419916596518156 
t 1.6548333333331844 1.7750037234285383 0.7791683284529719 0.44997381071808845 
t 1.692499999999847 1.7839482088128278 0.787649747158401 0.45799756619931997 
t 1.7316666666665093 1.7927651690632962 0.7960437285374048 0.4659729524831338 
t 1.7719999999998381 1.8015087614068028 0.80439970998709 0.47394487673173114 
t 1.8138333333331669 1.810156899754034 0.8126946792506865 0.48188952822510456 
t 1.8571666666664954 1.8187200080708832 0.8209367017269547 0.4898127367421254 
t 1.9021666666664905 1.8272040641557121 0.8291297166183127 0.49771650571034354 
t 1.9489999999998187 1.8355829351364215 0.8372466169903884 0.5055728364564993 
t 1.99766666666648 1.843885480041463 0.8453135435486571 0.5134052305643415 
t 2.0484999999998723 1.8521311231067363 0.8533477980267744 0.5212289301808731 
t 2.101833333333271 1.860259502329362 0.8612888653093161 0.5289833131477232 
t 2.1575000000000055 1.8683299076742146 0.8691930048780586 0.5367216564902011 
t 2.216166666666744 1.8763199480914656 0.8770368017766097 0.5444195547637263 
t 2.278000000000153 1.884224979244737 0.884814156690383 0.5520694823929011 
t 2.343333333333566 1.8920337635579463 0.8925124726135147 0.5596575060799535 
t 2.412500000000317 1.8997797739291682 0.9001633226074659 0.5672133182362218 
t 2.4863333333337407 1.9074604580541572 0.9077628870593277 0.5747318461254076 
t 2.565500000000504 1.915045335458241 0.9152796658184829 0.5821805808351671 
t 2.650500000000608 1.9225619057893684 0.9227396100066995 0.589583933729699 
t 2.7426666666673873 1.9299959989581603 0.9301274337048033 0.5969255093209237 
t 2.84316666666751 1.9373642397114283 0.9374584848810513 0.6042193834549429 
t 2.954000000000979 1.944659964392267 0.9447250227787274 0.6114567415128475 
t 3.07750000000113 1.9518799632080037 0.9519227685900007 0.6186322379036318 
t 3.2170000000013004 1.9590258684034065 0.959052312454218 0.6257454221281114 
t 3.3775000000014965 1.966100905588796 0.9661158880551411 0.6327975368532474 
t 3.5668333333350613 1.9731068414337523 0.9731143249401423 0.6397884750296731 
t 3.7981666666686773 1.9800434905002422 0.9800465491526937 0.6467162744578648 
t 4.096333333335708 1.9869088957841985 0.9869097592133323 0.6535772893080222 
t 4.517833333336223 1.9937056366184749 0.993705732571775 0.6603724951917278 
t 5.2500000000037845 1.9999999933338075 0.9999999933337719 0.6666666600004026 
t 19.004833333353172 2.0 1.0 0.6666666666666666 
